.acr "!medallevel3" %user% typed `!medallevel3`. This is the medal cost for medal levels +8000 to +12000, per 100 levels.
```scheme
[mlv]        [TotalMedal]     [Increase]
 8000      272,873,431,770,114  +23.22%
 8100      332,591,449,770,114  +21.88%
 8200      393,206,330,770,114  +18.23%
 8300      455,029,157,770,114  +15.72%
 8400      518,478,909,770,114  +13.94%
 8500      584,119,893,770,114  +12.66%
 8600      652,712,151,770,114  +11.74%
 8700      725,279,340,770,114  +11.12%
 8800      803,200,190,770,114  +10.74%
 8900      888,331,642,770,114  +10.60%
 9000      983,174,754,770,114  +10.68%
 9100    1,091,097,984,770,114  +10.98%
 9200    1,216,638,344,770,114  +11.51%
 9300    1,365,906,364,770,114  +12.27%
 9400    1,547,132,174,770,114  +13.27%
 9500    1,771,400,354,770,114  +14.50%
 9600    2,028,187,724,770,114  +14.50%
 9700    2,295,950,284,770,114  +13.20%
 9800    2,578,206,124,770,114  +12.29%
 9900    2,879,601,344,770,114  +11.69%
10000    3,206,271,254,770,114  +11.34%
10100    3,566,318,084,770,114  +11.23%
10200    3,970,441,124,770,114  +11.33%
10300    4,432,769,634,770,114  +11.64%
10400    4,971,962,204,770,114  +12.16%
10500    5,612,658,474,770,114  +12.89%
10600    6,387,396,764,770,114  +13.80%
10700    7,339,146,154,770,114  +14.90%
10800    8,524,649,554,770,114  +16.15%
10900   10,018,839,854,770,114  +17.53%
11000   11,920,670,954,770,114  +18.98%
11100   14,360,817,112,835,867  +20.47%
11200   17,511,842,255,652,885  +21.94%
11300   21,601,627,829,279,639  +23.35%
11400   26,931,105,622,482,436  +24.67%
11500   33,897,674,998,203,960  +25.87%
11600   43,026,126,821,226,842  +26.93%
11700   55,009,480,450,515,201  +27.85%
11800   70,762,911,557,234,707  +28.64%
11900   91,494,967,201,810,097  +29.30%
12000  118,801,609,824,327,790  +29.84%
[mlv]        [TotalMedal]     [Increase]
```
Others:
`!medallevel1` 100 to 4000
`!medallevel2` 4000 to 8000
`!medallevel3` 8000 to 12000