.acr "!medallevel2" %user% typed `!medallevel2`. This is the medal cost for enhancement levels +4000 to +8000, per 100 levels.
```scheme
[mlv]      [Total_Medal]   [Increase]
 4000       92,582,320,054   +49.73%
 4100      132,183,332,434   +42.77%
 4200      174,274,623,339   +31.84%
 4300      220,214,170,582   +26.36%
 4400      272,100,481,971   +23.56%
 4500      333,176,419,788   +22.45%
 4600      408,453,238,094   +22.59%
 4700      505,674,918,950   +23.80%
 4800      636,808,378,650   +25.93%
 4900      820,346,310,612   +28.82%
 5000    1,084,865,810,308   +32.24%
 5100    1,411,863,517,068   +30.14%
 5200    1,762,654,692,101   +24.85%
 5300    2,148,801,694,779   +21.91%
 5400    2,587,485,582,896   +20.42%
 5500    3,104,236,504,546   +19.97%
 5600    3,736,990,916,810   +20.38%
 5700    4,542,120,399,299   +21.54%
 5800    5,603,390,153,938   +23.37%
 5900    7,045,270,864,414   +25.73%
 6000    9,052,719,419,009   +28.49%
 6100   11,469,042,734,808   +26.69%
 6200   13,987,716,354,034   +21.96%
 6300   16,652,622,726,305   +19.05%
 6400   19,526,458,802,868   +17.26%
 6500   22,698,802,711,853   +16.25%
 6600   26,297,639,002,426   +15.85%
 6700   30,505,825,311,499   +16.00%
 6800   35,584,619,076,671   +16.65%
 6900   41,907,291,274,576   +17.77%
 7000   50,007,151,973,871   +19.33%
 7100   59,574,573,047,844   +19.13%
 7200   69,990,020,770,114   +17.48%
 7300   81,593,495,770,114   +16.58%
 7400   94,861,324,770,114   +16.26%
 7500  110,460,818,770,114   +16.44%
 7600  129,326,818,770,114   +17.08%
 7700  152,769,005,770,114   +18.13%
 7800  182,622,145,770,114   +19.54%
 7900  221,456,630,770,114   +21.26%
 8000  272,873,431,770,114   +23.22%
[mlv]      [Total_Medal]   [Increase]
```
Enhancement level every 100 levels:
`!medallevel1` for +100 to +4000
`!medallevel2` for +4000 to +8000
`!medallevel3` for +8000 to +12000