.acr "!medallevel1" %user% typed `!medallevel1`. This is the medal cost for enhancement levels +100 to +4000, per 100 levels.
```scheme
[mlv]   [Total_Medal] [Increase]
  100          15,316    
  200          60,919  +297.75%
  300         137,267  +125.33%
  400         245,600   +78.92%
  500         389,188   +58.46%
  600         576,724   +48.19%
  700         831,282   +44.14%
  800       1,214,052   +46.05%
  900       1,887,410   +55.46%
 1000       3,282,199   +73.90%
 1100       6,541,540   +99.30%
 1200      14,698,498  +124.69%
 1300      34,122,149  +132.15%
 1400      58,717,847   +72.08%
 1500      88,215,898   +50.24%
 1600     128,419,860   +45.57%
 1700     192,046,062   +49.55%
 1800     306,957,547   +59.84%
 1900     534,205,668   +74.03%
 2000   1,007,561,471   +88.61%
 2100   1,687,834,022   +67.52%
 2200   2,383,176,508   +41.20%
 2300   3,105,712,801   +30.32%
 2400   3,850,727,412   +23.99%
 2500   4,602,866,712   +19.53%
 2600   5,366,661,482   +16.59%
 2700   6,149,535,931   +14.59%
 2800   6,963,655,520   +13.24%
 2900   7,828,954,718   +12.43%
 3000   8,778,098,522   +12.12%
 3100   9,864,612,325   +12.38%
 3200  11,176,203,691   +13.30%
 3300  12,856,591,715   +15.04%
 3400  15,141,276,833   +17.77%
 3500  18,416,153,950   +21.63%
 3600  23,313,556,801   +26.59%
 3700  30,869,637,825   +32.41%
 3800  42,782,253,465   +38.59%
 3900  61,833,539,187   +44.53%
 4000  92,582,320,054   +49.73%
[mlv]   [Total_Medal] [Increase]
```
Enhancement level every 100 levels:
`!medallevel1` for +100 to +4000
`!medallevel2` for +4000 to +8000
`!medallevel3` for +8000 to +12000