.acr "!stagemedal3" %user% typed `!stagemedal3`. This is the base medal reward for Stage 8000 to 12000, per 100 stages.
```scheme
[Stage]      [Medal]      [Increase]
  8000       295,084,575    
  8100       346,910,166    +17.56%
  8200       407,027,415    +17.33%
  8300       476,636,607    +17.10%
  8400       557,093,967    +16.88%
  8500       649,929,651    +16.66%
  8600       756,867,579    +16.45%
  8700       879,847,248    +16.25%
  8800     1,021,047,690    +16.05%
  8900     1,182,913,782    +15.85%
  9000     1,387,019,469    +17.25%
  9100     1,619,492,880    +16.76%
  9200     1,887,725,379    +16.56%
  9300     2,196,735,792    +16.37%
  9400     2,552,181,294    +16.18%
  9500     2,960,430,375    +16.00%
  9600     3,428,643,243    +15.82%
  9700     3,964,860,321    +15.64%
  9800     4,578,099,531    +15.47%
  9900     5,278,463,187    +15.30%
 10000     6,077,255,238    +15.13%
 10100     7,307,240,532    +20.24%
 10200     8,813,750,235    +20.62%
 10300    10,611,402,186    +20.40%
 10400    12,752,780,943    +20.18%
 10500    15,299,317,581    +19.97%
 10600    18,322,670,694    +19.76%
 10700    21,906,306,546    +19.56%
 10800    26,147,304,837    +19.36%
 10900    31,158,419,631    +19.16%
 11000    37,070,428,638    +18.97%
 11100    44,034,807,915    +18.79%
 11200    52,226,773,494    +18.60%
 11300    61,848,736,152    +18.42%
 11400    73,221,343,704    +18.39%
 11500    82,037,644,914    +12.04%
 11600    91,824,928,836    +11.93%
 11700   102,680,340,786    +11.82%
 11800   114,709,782,960    +11.72%
 11900   128,028,618,540    +11.61%
 12000   142,762,425,732    +11.51%
[Stage]      [Medal]      [Increase]
```
Base medal rewards:

`!stagemedal1` for Stage 100 to 4000
`!stagemedal2` for Stage 4000 to 8000
`!stagemedal3` for Stage 8000 to 12000